9.990000000000000213e+00
9.980010000000000048e+00
9.970029990000000453e+00
9.960059960009999713e+00
9.950099900049989898e+00
9.940149800149939097e+00
9.930209650349789641e+00
9.920279440699440343e+00
9.910359161258741167e+00
9.900448802097482570e+00
9.890548353295384842e+00
9.880657804942089228e+00
9.870777147137147267e+00
9.860906369990010134e+00
9.851045463620019760e+00
9.841194418156399948e+00
9.831353223738243940e+00
9.821521870514505537e+00
9.811700348643990210e+00
9.801888648295346229e+00
9.792086759647050442e+00
9.782294672887402953e+00
9.772512378214514683e+00
9.762739865836300268e+00
9.752977125970463845e+00
9.743224148844493726e+00
9.733480924695649961e+00
9.723747443770953680e+00
9.714023696327183544e+00
9.704309672630856198e+00
9.694605362958224504e+00
9.684910757595266872e+00
9.675225846837671284e+00
9.665550620990833508e+00
9.655885070369842893e+00
9.646229185299473485e+00
9.636582956114173371e+00
9.626946373158059345e+00
9.617319426784900926e+00
9.607702107358116805e+00
9.598094405250758854e+00
9.588496310845508575e+00
9.578907814534662890e+00
9.569328906720128813e+00
9.559759577813409237e+00
9.550199818235595828e+00
9.540649618417360145e+00
9.531108968798942982e+00
9.521577859830143709e+00
9.512056281970313165e+00
9.502544225688343005e+00
9.493041681462655035e+00
9.483548639781192335e+00
9.474065091141410377e+00
9.464591026050268141e+00
9.455126435024217457e+00
9.445671308589192350e+00
9.436225637280603706e+00
9.426789411643323291e+00
9.417362622231680191e+00
9.407945259609448385e+00
9.398537314349839633e+00
9.389138777035489269e+00
9.379749638258454425e+00
9.370369888620196264e+00
9.360999518731576430e+00
9.351638519212844614e+00
9.342286880693631446e+00
9.332944593812937839e+00
9.323611649219124331e+00
9.314288037569905754e+00
9.304973749532335248e+00
9.295668775782802484e+00
9.286373107007019456e+00
9.277086733900011595e+00
9.267809647166112441e+00
9.258541837518945883e+00
9.249283295681426154e+00
9.240034012385745399e+00
9.230793978373359465e+00
9.221563184394986123e+00
9.212341621210590858e+00
9.203129279589379763e+00
9.193926150309790657e+00
9.184732224159480651e+00
9.175547491935320821e+00
9.166371944443385544e+00
9.157205572498941848e+00
9.148048366926442299e+00
9.138900318559516123e+00
9.129761418240956772e+00
9.120631656822716593e+00
9.111511025165894395e+00
9.102399514140728343e+00
9.093297114626587074e+00
9.084203817511960821e+00
9.075119613694448972e+00
9.066044494080754745e+00
9.056978449586674529e+00
9.047921471137087224e+00
9.038873549665950691e+00
9.029834676116283987e+00
9.020804841440167365e+00
9.011784036598728065e+00
9.002772252562129651e+00
8.993769480309566688e+00
8.984775710829257633e+00
8.975790935118428848e+00
8.966815144183311048e+00
8.957848329039126867e+00
8.948890480710087303e+00
8.939941590229377510e+00
8.931001648639147916e+00
8.922070646990508891e+00
8.913148576343518315e+00
8.904235427767174471e+00
8.895331192339407167e+00
8.886435861147067072e+00
8.877549425285920393e+00
8.868671875860634657e+00
8.859803203984773390e+00
8.850943400780789005e+00
8.842092457380008597e+00
8.833250364922628606e+00
8.824417114557705943e+00
8.815592697443149106e+00
8.806777104745705742e+00
8.797970327640960875e+00
8.789172357313319139e+00
8.780383184956006559e+00
8.771602801771051006e+00
8.762831198969280422e+00
8.754068367770310388e+00
8.745314299402540570e+00
8.736568985103138729e+00
8.727832416118035397e+00
8.719104583701916766e+00
8.710385479118214036e+00
8.701675093639096303e+00
8.692973418545456354e+00
8.684280445126910664e+00
8.675596164681783407e+00
8.666920568517101131e+00
8.658253647948583875e+00
8.649595394300634510e+00
8.640945798906333408e+00
8.632304853107427789e+00
8.623672548254321057e+00
8.615048875706067477e+00
8.606433826830361511e+00
8.597827393003530716e+00
8.589229565610526862e+00
8.580640336044917049e+00
8.572059695708871274e+00
8.563487636013162430e+00
8.554924148377148541e+00
8.546369224228770989e+00
8.537822855004542077e+00
8.529285032149537926e+00
8.520755747117387813e+00
8.512234991370270620e+00
8.503722756378900627e+00
8.495219033622522176e+00
8.486723814588899018e+00
8.478237090774310758e+00
8.469758853683536870e+00
8.461289094829853141e+00
8.452827805735022793e+00
8.444374977929287596e+00
8.435930602951358992e+00
8.427494672348407434e+00
8.419067177676058833e+00
8.410648110498382124e+00
8.402237462387883937e+00
8.393835224925496163e+00
8.385441389700570625e+00
8.377055948310870193e+00
8.368678892362559907e+00
8.360310213470198093e+00
8.351949903256727481e+00
8.343597953353469876e+00
8.335254355400117277e+00
8.326919101044717664e+00
8.318592181943673225e+00
8.310273589761729696e+00
8.301963316171967477e+00
8.293661352855796309e+00
8.285367691502941057e+00
8.277082323811438158e+00
8.268805241487626745e+00
8.260536436246139758e+00
8.252275899809893289e+00
8.244023623910083032e+00
8.235779600286173618e+00
8.227543820685887965e+00
8.219316276865201942e+00
8.211096960588337268e+00
8.202885863627749075e+00
8.194682977764120579e+00
8.186488294786355979e+00
8.178301806491569792e+00
8.170123504685077975e+00
8.161953381180392597e+00
8.153791427799212954e+00
8.145637636371413137e+00
8.137491998735042031e+00
8.129354506736307329e+00
8.121225152229570199e+00
8.113103927077339961e+00
8.104990823150263424e+00
8.096885832327112453e+00
8.088788946494785748e+00
8.080700157548291074e+00
8.072619457390743491e+00
8.064546837933352919e+00
8.056482291095418802e+00
8.048425808804323012e+00
8.040377382995519184e+00
8.032337005612523839e+00
8.024304668606911051e+00
8.016280363938303566e+00
8.008264083574365699e+00
8.000255819490790898e+00
7.992255563671299967e+00
7.984263308107628632e+00
7.976279044799521323e+00
7.968302765754721406e+00
7.960334462988966742e+00
7.952374128525978136e+00
7.944421754397452240e+00
7.936477332643054439e+00
7.928540855310411750e+00
7.920612314455101277e+00
7.912691702140645766e+00
7.904779010438504727e+00
7.896874231428066437e+00
7.888977357196638174e+00
7.881088379839441771e+00
7.873207291459602075e+00
7.865334084168142503e+00
7.857468750083974385e+00
7.849611281333890744e+00
7.841761670052556532e+00
7.833919908382504182e+00
7.826085988474122068e+00
7.818259902485648283e+00
7.810441642583162647e+00
7.802631200940579603e+00
7.794828569739639335e+00
7.787033741169899770e+00
7.779246707428729479e+00
7.771467460721300569e+00
7.763695993260578909e+00
7.755932297267317921e+00
7.748176364970050578e+00
7.740428188605080528e+00
7.732687760416475875e+00
7.724955072656059407e+00
7.717230117583403270e+00
7.709512887465820086e+00
7.701803374578354067e+00
7.694101571203775691e+00
7.686407469632571932e+00
7.678721062162939148e+00
7.671042341100775985e+00
7.663371298759675376e+00
7.655707927460915663e+00
7.648052219533454377e+00
7.640404167313921135e+00
7.632763763146606983e+00
7.625130999383459951e+00
7.617505868384076173e+00
7.609888362515691895e+00
7.602278474153176369e+00
7.594676195679022968e+00
7.587081519483343861e+00
7.579494437963860243e+00
7.571914943525896113e+00
7.564343028582370287e+00
7.556778685553787511e+00
7.549221906868234022e+00
7.541672684961366002e+00
7.534131012276404249e+00
7.526596881264127958e+00
7.519070284382864067e+00
7.511551214098481033e+00
7.504039662884382622e+00
7.496535623221498135e+00
7.489039087598276190e+00
7.481550048510677620e+00
7.474068498462166588e+00
7.466594429963704371e+00
7.459127835533740480e+00
7.451668707698206440e+00
7.444217038990507795e+00
7.436772821951517010e+00
7.429336049129565467e+00
7.421906713080435480e+00
7.414484806367354963e+00
7.407070321560987658e+00
7.399663251239426920e+00
7.392263587988187723e+00
7.384871324400199555e+00
7.377486453075799311e+00
7.370108966622723301e+00
7.362738857656100144e+00
7.355376118798443663e+00
7.348020742679644890e+00
7.340672721936964962e+00
7.333332049215028015e+00
7.325998717165813190e+00
7.318672718448647529e+00
7.311354045730198870e+00
7.304042691684468736e+00
7.296738648992784348e+00
7.289441910343791520e+00
7.282152468433447545e+00
7.274870315965014100e+00
7.267595445649049246e+00
7.260327850203400324e+00
7.253067522353196850e+00
7.245814454830843410e+00
7.238568640376012553e+00
7.231330071735636800e+00
7.224098741663901535e+00
7.216874642922237904e+00
7.209657768279315704e+00
7.202448110511036283e+00
7.195245662400525433e+00
7.188050416738124504e+00
7.180862366321385970e+00
7.173681503955064542e+00
7.166507822451109178e+00
7.159341314628657749e+00
7.152181973314029051e+00
7.145029791340714809e+00
7.137884761549374346e+00
7.130746876787824817e+00
7.123616129911036765e+00
7.116492513781126128e+00
7.109376021267345358e+00
7.102266645246078092e+00
7.095164378600832045e+00
7.088069214222231018e+00
7.080981145008008681e+00
7.073900163863000579e+00
7.066826263699137911e+00
7.059759437435438656e+00
7.052699677998003125e+00
7.045646978320005083e+00
7.038601331341684642e+00
7.031562730010342932e+00
7.024531167280332333e+00
7.017506636113052032e+00
7.010489129476939141e+00
7.003478640347462481e+00
6.996475161707114587e+00
6.989478686545407271e+00
6.982489207858861846e+00
6.975506718651002913e+00
6.968531211932352143e+00
6.961562680720419394e+00
6.954601118039699159e+00
6.947646516921659021e+00
6.940698870404736986e+00
6.933758171534332604e+00
6.926824413362798083e+00
6.919897588949435630e+00
6.912977691360485899e+00
6.906064713669125332e+00
6.899158648955456385e+00
6.892259490306501313e+00
6.885367230816195061e+00
6.878481863585379052e+00
6.871603381721794079e+00
6.864731778340072310e+00
6.857867046561731961e+00
6.851009179515170189e+00
6.844158170335655100e+00
6.837314012165319532e+00
6.830476698153153947e+00
6.823646221455001104e+00
6.816822575233546289e+00
6.810005752658312872e+00
6.803195746905654318e+00
6.796392551158748851e+00
6.789596158607589693e+00
6.782806562448982390e+00
6.776023755886533273e+00
6.769247732130646789e+00
6.762478484398515732e+00
6.755716005914116806e+00
6.748960289908202625e+00
6.742211329618294613e+00
6.735469118288675894e+00
6.728733649170386855e+00
6.722004915521216262e+00
6.715282910605695044e+00
6.708567627695089186e+00
6.701859060067394402e+00
6.695157201007327252e+00
6.688462043806319812e+00
6.681773581762513459e+00
6.675091808180750874e+00
6.668416716372569830e+00
6.661748299656196970e+00
6.655086551356540703e+00
6.648431464805184099e+00
6.641783033340378672e+00
6.635141250307038163e+00
6.628506109056731432e+00
6.621877602947674468e+00
6.615255725344726834e+00
6.608640469619381896e+00
6.602031829149762387e+00
6.595429797320612408e+00
6.588834367523292102e+00
6.582245533155768769e+00
6.575663287622613318e+00
6.569087624334990494e+00
6.562518536710655326e+00
6.555956018173944244e+00
6.549400062155770641e+00
6.542850662093615099e+00
6.536307811431521841e+00
6.529771503620090733e+00
6.523241732116471070e+00
6.516718490384354467e+00
6.510201771893970424e+00
6.503691570122076548e+00
6.497187878551954121e+00
6.490690690673401875e+00
6.484199999982728890e+00
6.477715799982745715e+00
6.471238084182762584e+00
6.464766846098579656e+00
6.458302079252480787e+00
6.451843777173228212e+00
6.445391933396054540e+00
6.438946541462658324e+00
6.432507594921196059e+00
6.426075087326275082e+00
6.419649012238949126e+00
6.413229363226710333e+00
6.406816133863483920e+00
6.400409317729620184e+00
6.394008908411890957e+00
6.387614899503478938e+00
6.381227284603975036e+00
6.374846057319371262e+00
6.368471211262051845e+00
6.362102740050789684e+00
6.355740637310739238e+00
6.349384896673428536e+00
6.343035511776754731e+00
6.336692476264977891e+00
6.330355783788712998e+00
6.324025428004924620e+00
6.317701402576919811e+00
6.311383701174342775e+00
6.305072317473168653e+00
6.298767245155695527e+00
6.292468477910539981e+00
6.286176009432629108e+00
6.279889833423196066e+00
6.273609943589772975e+00
6.267336333646182922e+00
6.261068997312536411e+00
6.254807928315224252e+00
6.248553120386908688e+00
6.242304567266521609e+00
6.236062262699254788e+00
6.229826200436555439e+00
6.223596374236119111e+00
6.217372777861882582e+00
6.211155405084020309e+00
6.204944249678936430e+00
6.198739305429257662e+00
6.192540566123827972e+00
6.186348025557704133e+00
6.180161677532146847e+00
6.173981515854614521e+00
6.167807534338759723e+00
6.161639726804421180e+00
6.155478087077616678e+00
6.149322608990538619e+00
6.143173286381547804e+00
6.137030113095166328e+00
6.130893082982071363e+00
6.124762189899088938e+00
6.118637427709189502e+00
6.112518790281479930e+00
6.106406271491198190e+00
6.100299865219707129e+00
6.094199565354487369e+00
6.088105365789132861e+00
6.082017260423343785e+00
6.075935243162920329e+00
6.069859307919757363e+00
6.063789448611837329e+00
6.057725659163225806e+00
6.051667933504062624e+00
6.045616265570558312e+00
6.039570649304987882e+00
6.033531078655682833e+00
6.027497547577026715e+00
6.021470050029449794e+00
6.015448579979420174e+00
6.009433131399441130e+00
6.003423698268041342e+00
5.997420274569773113e+00
5.991422854295203493e+00
5.985431431440908057e+00
5.979446000009467355e+00
5.973466554009458029e+00
5.967493087455448375e+00
5.961525594367993008e+00
5.955564068773624875e+00
5.949608504704850809e+00
5.943658896200146202e+00
5.937715237303946125e+00
5.931777522066641772e+00
5.925845744544575133e+00
5.919919898800030111e+00
5.913999978901229859e+00
5.908085978922328785e+00
5.902177892943406334e+00
5.896275715050462551e+00
5.890379439335411860e+00
5.884489059896076846e+00
5.878604570836181153e+00
5.872725966265345043e+00
5.866853240299080063e+00
5.860986387058781055e+00
5.855125400671722602e+00
5.849270275271051034e+00
5.843421004995779988e+00
5.837577583990784191e+00
5.831740006406793242e+00
5.825908266400386282e+00
5.820082358133985778e+00
5.814262275775852196e+00
5.808448013500076001e+00
5.802639565486575890e+00
5.796836925921089012e+00
5.791040088995168311e+00
5.785249048906172753e+00
5.779463799857266437e+00
5.773684336057408828e+00
5.767910651721351201e+00
5.762142741069629537e+00
5.756380598328560083e+00
5.750624217730231358e+00
5.744873593512501486e+00
5.739128719918989319e+00
5.733389591199069990e+00
5.727656201607870479e+00
5.721928545406262501e+00
5.716206616860856293e+00
5.710490410243995285e+00
5.704779919833751656e+00
5.699075139913918342e+00
5.693376064774004597e+00
5.687682688709230661e+00
5.681995006020521544e+00
5.676313011014500809e+00
5.670636698003486131e+00
5.664966061305483080e+00
5.659301095244178015e+00
5.653641794148933641e+00
5.647988152354784575e+00
5.642340164202429342e+00
5.636697824038226834e+00
5.631061126214188306e+00
5.625430065087973830e+00
5.619804635022886075e+00
5.614184830387863201e+00
5.608570645557475309e+00
5.602962074911918222e+00
5.597359112837006379e+00
5.591761753724169282e+00
5.586169991970445281e+00
5.580583821978474468e+00
5.575003238156496010e+00
5.569428234918339271e+00
5.563858806683421143e+00
5.558294947876738057e+00
5.552736652928861538e+00
5.547183916275932880e+00
5.541636732359656925e+00
5.536095095627297624e+00
5.530559000531670044e+00
5.525028441531138590e+00
5.519503413089607236e+00
5.513983909676517747e+00
5.508469925766840802e+00
5.502961455841074212e+00
5.497458494385233152e+00
5.491961035890847498e+00
5.486469074854956496e+00
